=== TABLA INICIAL FASE 1 ===

-----------------------------------------------------------
        x1        x2        S1        S2        R1        R2        R3       RHS       DIV
      0,00      0,00      0,00      0,00      0,00      0,00      0,00      0,00      0,00
      1,00      1,00     -1,00      0,00      1,00      0,00      0,00     40,00      0,00
      1,00      1,00      0,00     -1,00      0,00      1,00      0,00     20,00      0,00
      3,00      0,00      0,00      0,00      0,00      0,00      1,00     30,00      0,00
-----------------------------------------------------------


=== Fila Z artificial creada ===

-----------------------------------------------------------
        x1        x2        S1        S2        R1        R2        R3       RHS       DIV
      0,00      0,00      0,00      0,00     -1,00     -1,00     -1,00    -90,00      0,00
      1,00      1,00     -1,00      0,00      1,00      0,00      0,00     40,00      0,00
      1,00      1,00      0,00     -1,00      0,00      1,00      0,00     20,00      0,00
      3,00      0,00      0,00      0,00      0,00      0,00      1,00     30,00      0,00
-----------------------------------------------------------


=== Preparando tabla para Fase 2 ===
Artificiales eliminadas.


=== Construyendo Z real ===
Z reconstruida.

